1431935064	2737794976	65535	1700	6	0	539
1431935005	4222178304	0	1526	6	4294967295	609
1431935070	2737794048	65535	65535	255	4294967295	860
3266998746	803789034	65535	14753	6	0	67
1431935084	2400631012	0	1433	6	268439552	22
1431935053	2737794976	0	1708	6	4294967295	169
3266998745	2737794978	65535	6000	6	4294967295	397
1431935067	2737794976	0	1700	6	0	539
1431935054	803789034	0	7599	6	512	538
1431935070	1431933806	65535	1733	6	4294967295	172
1431935084	2400612374	0	62100	6	268439552	471
1431935053	2744842240	65535	6000	6	0	616
1431935487	1366917119	65535	0	1	0	879
1431935069	803789034	0	1717	6	0	315
1431935084	1431933805	0	1521	6	268439552	202
1431935070	2737794979	0	1433	6	4294967295	384
3254779904	4294967295	0	0	255	4294967295	949
3266998655	2737794979	0	0	6	4294967295	777
3266998734	803789033	65535	61000	6	0	486
1431935084	2776309219	0	0	6	268439552	685
3266998734	803789034	65535	61909	6	0	453
1431935084	3267002367	65535	65535	6	512	825
1431935488	803864575	0	0	6	268439552	888
1431935232	2737794975	0	0	1	4294967295	839
1431935053	2737794815	65535	0	6	4294967295	771
1431935005	803789034	65535	1526	6	0	103
1431935053	2744110259	0	20	6	0	162
3266998747	803789034	65535	1350	6	0	509
1431935070	2737794976	0	2200	6	268439552	446
3288334335	0	0	0	0	4294967295	949
1431935072	1431934976	0	65535	1	4294967295	843
3266998734	803789039	65535	1700	6	0	535
1431935084	1154477578	0	1221	6	4294967295	120
1431935053	1431933806	0	65535	255	4294967295	764
1431935999	803789034	0	65535	6	4294967295	797
1431935053	2737793024	0	32201	6	4294967295	617
1431935488	2774850601	65535	1521	6	4294967295	571
3266998702	1458994818	65535	1521	6	4294967295	40
1431935084	3266999374	65535	0	6	0	700
1431935007	3266999808	65535	0	0	0	871
1431935070	2737794978	65535	5632	6	0	388
3266998732	803789032	0	1221	6	0	404
1431935070	2737795008	65535	65535	255	0	841
3266999295	803789034	0	65535	6	0	794
3266998672	1534013440	0	1526	6	4294967295	657
1431935067	2737794976	65535	8000	6	0	561
1431935232	2774850601	0	0	6	4294967295	781
1431935005	3654570189	65535	65535	255	0	761
1431935084	3266999372	0	65535	6	0	723
3266998747	3266999374	65535	1521	6	4294967295	78
3266998762	495215440	65535	1521	6	4294967295	50
1431935087	2400612375	0	1521	6	4294967295	405
3266998712	1430539421	0	1521	6	4294967295	46
1431935487	2737794975	0	65535	1	4294967295	839
1431935087	2400612372	65535	1521	6	4294967295	296
3266998733	803789039	65535	7500	6	0	581
1431935007	3333254249	0	62609	6	4294967295	478
1431935487	3448758166	0	1490	6	0	583
1431935006	3266999374	65535	14753	6	4294967295	289
3266998747	803789033	0	1526	6	4294967295	348
3266998736	803789032	65535	65535	6	268439552	742
1431935070	2737794978	0	5632	6	4294967295	388
3266998761	3448757247	65535	0	6	4294967295	829
1431935063	2737794978	0	65535	6	0	744
1431935055	2744110259	65535	1433	6	0	306
3266998727	803789032	0	14753	6	4294967295	401
3266998763	3448758164	65535	20	6	4294967295	60
1431935069	2737794048	0	1521	6	512	592
1431935064	2737794976	0	1700	6	0	539
3266999295	1430257664	0	0	0	0	901
1431935054	2737794976	0	7599	6	4294967295	549
3266998763	2737794047	0	15126	6	4294967295	606
1431935006	803790847	0	0	255	0	875
3266998714	1430537155	0	14753	6	4294967295	258
1431935086	2216304279	65535	27000	6	0	295
1431935086	2358717440	0	1521	6	4294967295	646
3266998712	2737794978	0	1521	6	4294967295	336
3266998669	1534544896	0	0	6	0	807
3266998727	803789034	0	1521	6	0	272
3266998763	2737794976	65535	0	6	4294967295	693
3266998272	1073741823	65535	0	1	0	918
3266998745	803789039	0	65535	6	512	734
3266998744	803789034	65535	1525	6	268439552	219
3266998744	2737794983	65535	512	6	0	469
1431935005	803789033	0	1521	6	4294967295	364
1431935070	2737794978	65535	1708	6	4294967295	389
1431935005	3448719340	0	65535	6	0	698
1431935005	1154191453	65535	1600	6	268439552	493
1431935070	1431933806	65535	30804	6	0	178
3266998673	1534016176	65535	1433	6	0	250
1431935005	3266999373	0	0	0	0	804
3266998667	1535086592	0	1705	6	0	651
3266999295	803789034	0	0	6	0	794
1431935084	3266999374	0	1521	6	0	118
3266998763	803789034	0	0	1	0	694
3266999295	803789040	65535	6789	6	268439552	667
1431935006	1431933806	0	1734	6	268439552	228
1431935999	2744975359	65535	65535	0	0	911
1431935488	2737794978	0	0	6	512	806
3266998733	803789032	0	1221	6	0	404
1431935999	2737794976	65535	21	6	0	604
1431935053	803789034	0	61300	6	0	458
3266998746	803789824	65535	65535	1	0	811
3266998784	803799040	65535	0	0	0	902
3266998747	803789034	65535	1540	17	4294967295	80
3266998715	1430538239	65535	2051	6	0	658
3266998762	184920063	0	5632	6	268439552	564
1431935070	2737794976	0	5540	6	4294967295	180
1431935070	803789034	0	20	6	0	174
3266998763	3266998272	0	0	6	4294967295	810
1431935054	2737794048	0	65535	0	4294967295	872
1431935006	3364580457	65535	443	6	268439552	231
1431935064	2737794048	0	1526	6	0	629
1431935488	803766271	65535	0	6	0	886
1431935087	2775104714	0	62609	6	4294967295	480
1431935070	2737794976	0	1525	6	4294967295	179
3266998727	803789034	65535	1521	6	4294967295	272
3266998763	3266999295	0	65535	6	4294967295	810
1431935086	2400612372	0	6790	6	0	297
1431935999	2737794944	65535	0	6	0	847
3266998725	3512738048	65535	0	255	0	845
3267000319	1073741823	65535	0	6	268439552	924
1431935005	3448719340	65535	0	6	0	698
1431935084	2400612373	65535	8000	6	0	526
1431935084	2216304279	65535	62600	6	4294967295	456
3266998703	1459059199	65535	65535	6	0	768
1431935005	3635380602	0	1349	6	268439552	507
1431935053	2744110079	65535	65535	0	0	867
3266998763	803789034	0	0	255	4294967295	757
3266998673	3266999374	65535	14753	6	268439552	212
4294967295	1298137087	0	0	6	4294967295	937
3266998744	803789034	65535	1221	6	4294967295	267
3266998712	2737794978	65535	1521	6	0	336
1431935232	2400612372	0	1706	6	0	553
3266999295	803789034	0	1521	6	4294967295	567
1431935005	4222037023	65535	6789	6	4294967295	95
1431935232	2737794978	65535	1521	6	4294967295	590
1431935053	2744110259	65535	1525	6	4294967295	155
1431935063	2737794979	0	0	6	4294967295	744
1431935048	2737794976	65535	0	0	0	828
3266998699	1458770926	65535	1521	6	4294967295	333
3266998761	185356288	0	1525	6	4294967295	638
3266998734	803789032	0	0	6	4294967295	721
3266998732	803789034	65535	7205	6	512	225
3266998745	803789824	0	1521	6	4294967295	642
1431935999	2776013037	65535	30804	6	0	573
1431935005	3266999373	0	65535	255	4294967295	804
1431935005	4222177475	65535	1489	6	0	96
3266998747	803789034	65535	1734	6	4294967295	77
1431935070	2737794047	65535	5555	6	0	619
3266998669	1533609160	0	0	0	0	754
1431935488	4294967295	65535	65535	6	0	929
1431935000	1431933806	65535	1300	17	4294967295	558
3266998761	803789033	65535	1349	6	268439552	534
1431935488	2358716720	0	6789	6	0	672
1431935084	2400612373	0	5541	6	512	23
3266999296	2737794976	0	1600	6	0	602
1431935005	4223520918	0	61119	6	0	484
